23 23 23 23 23 23 23 23 23 23 23 23 23 23 23 23 23 23 23 23 23 23 23 23 23 23 23 23 23 23 23 23 23 23 23 23 23 23 23 23 23 23 23 23 23
23 23 23 23 23 23 23 23 23 23 23 23 23 23 23 23 23 23 23 23 23 23 23 23 23 23 23 23 23 23 23 23 23 23 23 23 23 23 23 23 23 23 23 23 23
23 23 23 23 23 23 23 23 23 23 23 23 28 28 28 28 28 28 28 28 28 28 28 28 28 28 28 23 23 23 23 23 23 23 23 23 23 23 23 23 23 23 23 23 23
29 29 29 29 29 29 29 29 29 29 29 29 28 39 25 25 37 25 25 25 25 25 25 38 25 39 28 29 29 29 10 10 10 10 10 10 10 10 10 10 10 10 10 10 10
29 29 29 29 24 24 24 24 29 29 29 29 28 26 10 10 10 10 10 10 10 10 10 10 10 26 28 29 29 29 10 10 10 10 10 10 10 10 10 10 10 10 10 10 10
29 29 29 29 24 30 36 32 29 29 29 29 28 26 10 10 10 10 10 10 10 10 10 10 10 26 28 29 29 29 10 10 10 10 10 10 10 10 10 10 10 10 10 10 10
24 24 24 24 24 24 24 24 24 24 24 24 28 26 10 10 10 10 10 10 10 10 10 25 25 25 28 29 29 29 10 10 10 10 10 10 10 10 10 10 10 10 10 10 10
24 24 24 33 24 24 24 24 24 24 24 24 28 26 10 10 10 26 25 25 26 10 10 10 10 10 28 29 29 29 10 10 10 10 10 10 10 10 10 10 10 10 10 10 10
24 24 24 24 24 24 24 24 24 24 24 24 28 26 10 10 25 25 10 10 25 26 10 10 10 10 28 29 29 29 10 10 10 10 10 10 10 10 10 10 10 10 10 10 10
24 24 24 24 24 24 24 24 24 24 24 24 28 26 10 10 10 10 10 10 10 26 10 10 10 10 28 29 29 29 10 10 10 10 10 10 10 10 10 10 10 10 10 10 10
29 29 29 29 24 35 36 34 29 29 29 29 28 26 10 10 10 10 10 10 10 26 10 10 10 10 28 29 29 29 10 10 10 10 10 10 10 10 10 10 10 10 10 10 10
29 29 29 29 24 24 24 24 29 29 29 29 28 25 25 25 25 25 25 38 25 25 10 10 10 10 28 29 29 29 29 29 29 29 29 29 29 29 29 29 29 29 29 10 10
29 29 29 29 29 29 29 29 29 29 29 29 28 28 28 28 28 28 28 28 28 28 28 28 28 28 28 29 29 29 29 29 29 29 29 29 29 29 29 29 29 10 10 10 10
29 29 29 29 29 29 29 29 29 29 29 29 29 29 29 29 29 29 29 29 29 29 29 29 29 29 29 29 29 29 29 29 29 29 29 29 29 29 29 10 10 10 10 10 10
29 29 29 29 29 29 29 29 29 29 29 29 29 29 29 29 29 29 29 29 29 29 29 29 29 29 29 29 29 29 29 29 29 29 29 29 29 29 29 29 10 10 10 10 10
23 23 23 23 23 23 23 23 23 23 23 23 23 23 23 23 23 23 23 23 23 23 23 23 23 23 23 23 23 23 23 23 23 23 23 23 23 23 23 23 23 23 23 23 23
23 23 23 23 23 23 23 23 23 23 23 23 23 23 23 23 23 23 23 23 23 23 23 23 23 23 23 23 23 23 23 23 23 23 23 23 23 23 23 23 23 23 23 23 23
23 23 23 23 23 23 23 23 23 23 23 23 23 23 23 23 23 23 23 23 23 23 23 23 23 23 23 23 23 23 23 23 23 23 23 23 23 23 23 23 23 23 23 23 23
23 23 23 23 23 23 23 23 23 23 23 23 23 23 23 23 23 23 23 23 23 23 23 23 23 23 23 23 23 23 23 23 23 23 23 23 23 23 23 23 23 23 23 23 23
23 23 23 23 23 23 23 23 23 23 23 23 23 23 23 23 23 23 23 23 23 23 23 23 23 23 23 23 23 23 23 23 23 23 23 23 23 23 23 23 23 23 23 23 23
